pos\1.jpg 2 133 187 48 88 247 194 36 70
pos\10.jpg 2 214 197 41 129 340 199 27 72
pos\100.jpg 1 285 169 42 111
pos\101.jpg 1 285 170 39 108
pos\102.jpg 1 265 172 33 101
pos\103.jpg 1 269 175 38 95
pos\104.jpg 1 275 175 38 99
pos\105.jpg 1 293 179 38 103
pos\106.jpg 1 275 175 40 106
pos\107.jpg 1 272 174 33 103
pos\108.jpg 1 256 180 36 93
pos\109.jpg 1 264 174 50 88
pos\11.jpg 2 215 201 56 137 339 204 26 65
pos\110.jpg 1 267 175 56 85
pos\111.jpg 1 286 176 39 93
pos\112.jpg 1 300 186 39 91
pos\113.jpg 1 296 193 37 81
pos\114.jpg 1 259 186 42 76
pos\115.jpg 1 267 192 37 75
pos\116.jpg 1 266 194 36 71
pos\117.jpg 1 260 189 31 72
pos\118.jpg 1 238 195 31 60
pos\119.jpg 1 229 198 32 52
pos\12.jpg 2 216 205 37 128 345 211 27 53
pos\120.jpg 1 235 194 31 66
pos\121.jpg 1 242 193 38 65
pos\122.jpg 1 243 196 35 67
pos\123.jpg 1 221 201 46 68
pos\124.jpg 1 209 199 43 77
pos\125.jpg 1 205 197 39 81
pos\126.jpg 1 202 201 42 86
pos\127.jpg 1 198 201 54 90
pos\128.jpg 1 201 203 57 99
pos\129.jpg 1 230 195 44 124
pos\13.jpg 2 196 200 56 138 353 209 14 64
pos\130.jpg 1 253 200 66 84
pos\131.jpg 1 260 204 75 70
pos\132.jpg 1 295 194 81 103
pos\133.jpg 1 329 179 97 144
pos\134.jpg 1 309 189 108 134
pos\135.jpg 1 235 183 95 150
pos\136.jpg 1 155 202 80 171
pos\137.jpg 1 115 196 96 174
pos\138.jpg 2 3 177 141 207 445 173 54 110
pos\139.jpg 2 1 176 92 201 429 181 46 107
pos\14.jpg 2 184 195 57 146 346 201 18 61
pos\140.jpg 2 2 188 90 169 425 190 50 98
pos\141.jpg 2 1 186 86 145 399 190 53 91
pos\142.jpg 2 5 181 81 137 373 189 56 82
pos\143.jpg 2 7 183 75 124 362 190 63 80
pos\144.jpg 2 65 194 50 99 361 198 61 101
pos\145.jpg 2 115 203 51 87 371 201 54 100
pos\146.jpg 2 111 205 41 74 347 204 69 96
pos\147.jpg 2 109 200 40 78 315 199 76 93
pos\148.jpg 2 58 198 53 81 258 195 48 90
pos\149.jpg 2 29 204 54 81 241 206 49 84
pos\15.jpg 2 163 194 63 144 341 196 24 57
pos\150.jpg 2 4 197 52 84 201 199 48 99
pos\151.jpg 2 10 200 46 85 188 201 62 88
pos\152.jpg 2 21 204 51 85 185 203 68 82
pos\153.jpg 2 39 199 40 88 182 205 58 103
pos\154.jpg 2 40 198 41 96 145 199 67 117
pos\155.jpg 2 35 200 50 85 140 176 70 142
pos\156.jpg 2 39 196 50 88 119 136 70 162
pos\157.jpg 2 38 201 59 92 79 122 89 181
pos\158.jpg 1 69 134 98 182
pos\159.jpg 1 43 145 125 223
pos\16.jpg 2 128 198 60 139 343 206 34 54
pos\160.jpg 1 110 197 71 228
pos\161.jpg 2 137 192 21 77 156 228 51 205
pos\162.jpg 2 212 221 28 60 224 214 48 243
pos\163.jpg 1 244 186 53 293
pos\164.jpg 1 242 185 80 100
pos\165.jpg 2 189 183 77 312 266 186 35 83
pos\166.jpg 2 98 183 100 283 261 196 26 70
pos\167.jpg 2 73 183 92 288 257 204 21 64
pos\168.jpg 2 64 183 82 276 277 202 27 68
pos\169.jpg 2 90 189 61 181 308 203 28 70
pos\17.jpg 2 127 197 58 164 349 204 22 51
pos\170.jpg 2 99 193 65 177 312 207 43 75
pos\171.jpg 2 124 199 51 143 325 201 60 91
pos\172.jpg 2 113 202 62 135 303 206 50 70
pos\173.jpg 2 98 185 58 138 289 209 54 77
pos\174.jpg 2 86 206 46 112 261 198 54 82
pos\175.jpg 2 111 206 47 103 268 200 56 78
pos\176.jpg 2 134 202 44 92 283 207 60 76
pos\177.jpg 2 158 212 40 84 309 217 52 71
pos\178.jpg 2 153 217 42 69 307 214 54 66
pos\179.jpg 2 169 212 36 77 307 210 55 85
pos\18.jpg 2 95 184 87 177 350 199 26 64
pos\180.jpg 2 169 205 44 76 309 209 84 86
pos\181.jpg 2 188 206 36 84 335 212 44 91
pos\182.jpg 2 185 214 34 75 325 216 59 81
pos\183.jpg 2 172 214 38 78 299 209 67 78
pos\184.jpg 2 163 217 54 78 300 200 59 82
pos\185.jpg 2 167 218 47 90 303 205 58 79
pos\186.jpg 2 244 218 32 71 409 213 89 199
pos\187.jpg 1 275 225 27 49
pos\188.jpg 1 277 228 33 50
pos\189.jpg 1 267 230 48 49
pos\19.jpg 2 47 194 96 159 342 201 23 56
pos\190.jpg 1 281 212 23 55
pos\191.jpg 1 287 217 34 61
pos\192.jpg 1 288 221 38 66
pos\193.jpg 1 297 219 26 70
pos\194.jpg 1 288 221 29 48
pos\195.jpg 1 280 198 21 76
pos\196.jpg 1 271 216 24 58
pos\197.jpg 1 263 218 27 58
pos\198.jpg 1 257 213 25 66
pos\199.jpg 1 250 210 30 71
pos\2.jpg 2 153 186 33 75 251 193 32 72
pos\20.jpg 2 30 188 91 175 331 200 29 54
pos\200.jpg 1 256 203 38 66
pos\201.jpg 1 254 191 47 87
pos\202.jpg 1 246 193 28 83
pos\203.jpg 1 234 196 42 87
pos\204.jpg 1 231 198 29 86
pos\205.jpg 1 230 207 31 79
pos\206.jpg 1 226 207 31 89
pos\207.jpg 1 223 206 41 85
pos\208.jpg 1 232 201 46 99
pos\209.jpg 1 245 202 25 98
pos\21.jpg 1 14 203 83 157
pos\210.jpg 1 239 216 33 82
pos\211.jpg 1 238 215 27 88
pos\212.jpg 1 236 214 27 95
pos\213.jpg 1 223 207 27 95
pos\214.jpg 1 203 194 37 102
pos\215.jpg 1 191 206 40 95
pos\216.jpg 1 161 208 40 102
pos\217.jpg 1 158 221 46 102
pos\218.jpg 1 164 212 27 106
pos\219.jpg 1 157 225 35 108
pos\22.jpg 2 2 177 72 172 347 195 12 56
pos\220.jpg 1 148 208 47 137
pos\221.jpg 1 155 209 53 153
pos\222.jpg 1 161 199 48 159
pos\223.jpg 1 162 200 60 169
pos\224.jpg 1 155 199 69 173
pos\225.jpg 1 175 196 59 241
pos\226.jpg 1 189 190 45 247
pos\227.jpg 1 189 190 53 299
pos\228.jpg 1 96 188 147 304
pos\229.jpg 1 1 106 179 391
pos\23.jpg 2 3 188 65 147 344 200 19 55
pos\230.jpg 0
pos\231.jpg 0
pos\232.jpg 0
pos\233.jpg 0
pos\234.jpg 0
pos\235.jpg 0
pos\236.jpg 0
pos\237.jpg 1 0 166 123 181
pos\238.jpg 1 73 177 66 162
pos\239.jpg 1 74 186 84 142
pos\24.jpg 1 344 195 17 62
pos\240.jpg 1 113 205 79 144
pos\241.jpg 1 149 218 49 127
pos\242.jpg 1 157 208 60 163
pos\243.jpg 1 193 192 58 200
pos\244.jpg 1 199 197 61 182
pos\245.jpg 1 208 198 58 177
pos\246.jpg 1 193 196 70 194
pos\247.jpg 1 202 179 71 306
pos\248.jpg 1 198 175 73 258
pos\249.jpg 1 188 171 88 284
pos\25.jpg 1 345 202 26 49
pos\250.jpg 1 194 172 68 273
pos\251.jpg 1 202 188 68 251
pos\252.jpg 1 225 175 54 218
pos\253.jpg 1 256 176 46 173
pos\254.jpg 1 239 176 57 162
pos\255.jpg 1 215 185 63 157
pos\256.jpg 1 219 172 46 134
pos\257.jpg 1 216 179 43 102
pos\258.jpg 1 222 190 39 106
pos\259.jpg 1 233 186 29 108
pos\26.jpg 1 354 193 27 67
pos\260.jpg 1 229 165 36 137
pos\261.jpg 1 210 181 40 110
pos\262.jpg 1 207 183 35 121
pos\263.jpg 1 205 181 51 126
pos\264.jpg 1 202 180 31 135
pos\265.jpg 1 185 186 37 77
pos\266.jpg 1 180 189 38 80
pos\267.jpg 1 211 186 22 86
pos\268.jpg 0
pos\269.jpg 0
pos\27.jpg 2 358 188 32 59 5 189 42 166
pos\270.jpg 0
pos\271.jpg 0
pos\272.jpg 0
pos\273.jpg 0
pos\274.jpg 0
pos\275.jpg 0
pos\276.jpg 1 256 195 35 87
pos\277.jpg 1 257 207 37 65
pos\278.jpg 1 270 204 32 67
pos\279.jpg 1 298 148 39 119
pos\28.jpg 1 355 198 28 72
pos\280.jpg 1 300 125 60 137
pos\283.jpg 1 343 166 67 170
pos\284.jpg 1 322 202 97 109
pos\285.jpg 1 335 218 87 101
pos\286.jpg 1 323 156 99 163

